http://dbpedia.org/ontology/Town,Town,http://dbpedia.org/ontology/areaWater
"http://dbpedia.org/resource/Bunker_Hill,_Indiana","Bunker Hill, Indiana",0.0
"http://dbpedia.org/resource/Northfield_Township,_Michigan","Northfield Township, Michigan",2300000.0
"http://dbpedia.org/resource/McCordsville,_Indiana","McCordsville, Indiana",30000.0
"http://dbpedia.org/resource/Melbourne_Village,_Florida","Melbourne Village, Florida",0.0
"http://dbpedia.org/resource/Bearcreek_Township,_Jay_County,_Indiana","Bearcreek Township, Jay County, Indiana",25899.9
"http://dbpedia.org/resource/Hubbardston,_Massachusetts","Hubbardston, Massachusetts",2400000.0
"http://dbpedia.org/resource/Bristol,_Maine","Bristol, Maine",114580000.0
"http://dbpedia.org/resource/Bear_River,_Wyoming","Bear River, Wyoming",0.0
"http://dbpedia.org/resource/Harvey_Township,_Meeker_County,_Minnesota","Harvey Township, Meeker County, Minnesota",1100000.0
"http://dbpedia.org/resource/Elkton_Township,_Clay_County,_Minnesota","Elkton Township, Clay County, Minnesota",258999.0
"http://dbpedia.org/resource/Porter,_New_York","Porter, New York",11654900.0
"http://dbpedia.org/resource/Greenport,_Columbia_County,_New_York","Greenport, Columbia County, New York",4900000.0
"http://dbpedia.org/resource/Clement_Township,_Michigan","Clement Township, Michigan",2071990.0
"http://dbpedia.org/resource/Dewey_Township,_Roseau_County,_Minnesota","Dewey Township, Roseau County, Minnesota",0.0
"http://dbpedia.org/resource/Jones_Township,_Beltrami_County,_Minnesota","Jones Township, Beltrami County, Minnesota",1553990.0
"http://dbpedia.org/resource/Brighton,_Franklin_County,_New_York","Brighton, Franklin County, New York",13200000.0
"http://dbpedia.org/resource/Indian_Shores,_Florida","Indian Shores, Florida",1553990.0
"http://dbpedia.org/resource/Elkton_Township,_Clay_County,_Minnesota","Elkton Township, Clay County, Minnesota",200000.0
"http://dbpedia.org/resource/Pequaywan_Township,_St._Louis_County,_Minnesota","Pequaywan Township, St. Louis County, Minnesota",5697970.0
"http://dbpedia.org/resource/Markey_Township,_Michigan","Markey Township, Michigan",18906900.0
"http://dbpedia.org/resource/High_Shoals,_North_Carolina","High Shoals, North Carolina",100000.0
"http://dbpedia.org/resource/Glencoe_Township,_Butler_County,_Kansas","Glencoe Township, Butler County, Kansas",984195.0
"http://dbpedia.org/resource/Ellington,_Connecticut","Ellington, Connecticut",1400000.0
"http://dbpedia.org/resource/Lillian_Township,_Custer_County,_Nebraska","Lillian Township, Custer County, Nebraska",110000.0
"http://dbpedia.org/resource/Fowler,_New_York","Fowler, New York",3107990.0
"http://dbpedia.org/resource/Porterdale,_Georgia","Porterdale, Georgia",0.0
"http://dbpedia.org/resource/Dover,_Oklahoma","Dover, Oklahoma",0.0
"http://dbpedia.org/resource/Dill_City,_Oklahoma","Dill City, Oklahoma",0.0
"http://dbpedia.org/resource/Douglas,_Oklahoma","Douglas, Oklahoma",0.0
"http://dbpedia.org/resource/Barnes_Township,_Buena_Vista_County,_Iowa","Barnes Township, Buena Vista County, Iowa",51799.8
"http://dbpedia.org/resource/North_Hempstead,_New_York","North Hempstead, New York",40200000.0
"http://dbpedia.org/resource/Minnesota_Falls_Township,_Yellow_Medicine_County,_Minnesota","Minnesota Falls Township, Yellow Medicine County, Minnesota",700000.0
"http://dbpedia.org/resource/Grey_Cloud_Island_Township,_Washington_County,_Minnesota","Grey Cloud Island Township, Washington County, Minnesota",1812990.0
"http://dbpedia.org/resource/North_Courtland,_Alabama","North Courtland, Alabama",0.0
"http://dbpedia.org/resource/Greenwood,_Maine","Greenwood, Maine",3650000.0
"http://dbpedia.org/resource/Deer_Creek_Township,_Bates_County,_Missouri","Deer Creek Township, Bates County, Missouri",77699.6
"http://dbpedia.org/resource/Oceola_Township,_Michigan","Oceola Township, Michigan",1300000.0
"http://dbpedia.org/resource/Achille,_Oklahoma","Achille, Oklahoma",0.0
"http://dbpedia.org/resource/Strong_Township,_Chase_County,_Kansas","Strong Township, Chase County, Kansas",420000.0
"http://dbpedia.org/resource/Kingfield,_Maine","Kingfield, Maine",410000.0
"http://dbpedia.org/resource/Lubec,_Maine","Lubec, Maine",116886000.0
"http://dbpedia.org/resource/Chapman_Township,_Saunders_County,_Nebraska","Chapman Township, Saunders County, Nebraska",0.0
"http://dbpedia.org/resource/Checotah,_Oklahoma","Checotah, Oklahoma",200000.0
"http://dbpedia.org/resource/Davidson,_Oklahoma","Davidson, Oklahoma",0.0
"http://dbpedia.org/resource/Norway,_New_York","Norway, New York",700000.0
"http://dbpedia.org/resource/Lick_Township,_Jackson_County,_Ohio","Lick Township, Jackson County, Ohio",0.0
"http://dbpedia.org/resource/Blaine,_Maine","Blaine, Maine",130000.0
"http://dbpedia.org/resource/Jackson_Township,_Adair_County,_Iowa","Jackson Township, Adair County, Iowa",103600.0
"http://dbpedia.org/resource/Francis_Township,_Holt_County,_Nebraska","Francis Township, Holt County, Nebraska",569797.0
"http://dbpedia.org/resource/Cato_Township,_Michigan","Cato Township, Michigan",2071990.0
"http://dbpedia.org/resource/Oak_Creek_Township,_Butler_County,_Nebraska","Oak Creek Township, Butler County, Nebraska",320000.0
"http://dbpedia.org/resource/Bartlett_Township,_Todd_County,_Minnesota","Bartlett Township, Todd County, Minnesota",0.0
"http://dbpedia.org/resource/Fairfield,_Connecticut","Fairfield, Connecticut",3400000.0
"http://dbpedia.org/resource/Moorland_Township,_Michigan","Moorland Township, Michigan",0.0
"http://dbpedia.org/resource/Jackson_Township,_Parke_County,_Indiana","Jackson Township, Parke County, Indiana",492098.0
"http://dbpedia.org/resource/Perry_Township,_Boone_County,_Indiana","Perry Township, Boone County, Indiana",51799.8
"http://dbpedia.org/resource/Lake_Pleasant,_New_York","Lake Pleasant, New York",25600000.0
"http://dbpedia.org/resource/Algoma_Township,_Michigan","Algoma Township, Michigan",1000000.0
"http://dbpedia.org/resource/Grant_Township,_Cheboygan_County,_Michigan","Grant Township, Cheboygan County, Michigan",23600000.0
"http://dbpedia.org/resource/Dexter_Township,_Mower_County,_Minnesota","Dexter Township, Mower County, Minnesota",0.0
"http://dbpedia.org/resource/Blue_Springs,_Alabama","Blue Springs, Alabama",0.0
"http://dbpedia.org/resource/Graceville_Township,_Big_Stone_County,_Minnesota","Graceville Township, Big Stone County, Minnesota",5179980.0
"http://dbpedia.org/resource/Palm_Beach,_Florida","Palm Beach, Florida",16834900.0
"http://dbpedia.org/resource/Huntington_Township,_Huntington_County,_Indiana","Huntington Township, Huntington County, Indiana",2071990.0
"http://dbpedia.org/resource/Pilot_Township,_Cherokee_County,_Iowa","Pilot Township, Cherokee County, Iowa",40000.0
"http://dbpedia.org/resource/Livonia_Township,_Sherburne_County,_Minnesota","Livonia Township, Sherburne County, Minnesota",2400000.0
"http://dbpedia.org/resource/Boston_Township,_Michigan","Boston Township, Michigan",2330990.0
"http://dbpedia.org/resource/Augsburg_Township,_Marshall_County,_Minnesota","Augsburg Township, Marshall County, Minnesota",0.0
"http://dbpedia.org/resource/Lake_Marshall_Township,_Lyon_County,_Minnesota","Lake Marshall Township, Lyon County, Minnesota",1000000.0
"http://dbpedia.org/resource/Pokagon_Township,_Michigan","Pokagon Township, Michigan",600000.0
"http://dbpedia.org/resource/Dickson_Township,_Michigan","Dickson Township, Michigan",4143980.0
"http://dbpedia.org/resource/Hymera,_Indiana","Hymera, Indiana",0.0
"http://dbpedia.org/resource/Dupont,_Indiana","Dupont, Indiana",0.0
"http://dbpedia.org/resource/Perdido_Beach,_Alabama","Perdido Beach, Alabama",0.0
"http://dbpedia.org/resource/Chesterfield,_New_Hampshire","Chesterfield, New Hampshire",5179980.0
"http://dbpedia.org/resource/Berlin,_Maryland","Berlin, Maryland",0.0
"http://dbpedia.org/resource/Freedom_Township,_Waseca_County,_Minnesota","Freedom Township, Waseca County, Minnesota",600000.0
"http://dbpedia.org/resource/Garden_City_Township,_Blue_Earth_County,_Minnesota","Garden City Township, Blue Earth County, Minnesota",4661980.0
"http://dbpedia.org/resource/Mendham_Township,_New_Jersey","Mendham Township, New Jersey",594000.0
"http://dbpedia.org/resource/Henryville_Township,_Renville_County,_Minnesota","Henryville Township, Renville County, Minnesota",0.0
"http://dbpedia.org/resource/Mantachie,_Mississippi","Mantachie, Mississippi",0.0
"http://dbpedia.org/resource/Hudson,_Maine","Hudson, Maine",6190070.0
"http://dbpedia.org/resource/Caswell,_Maine","Caswell, Maine",670000.0
"http://dbpedia.org/resource/Grafton,_New_York","Grafton, New York",2848990.0
"http://dbpedia.org/resource/Gaines,_New_York","Gaines, New York",100000.0
"http://dbpedia.org/resource/New_Ipswich,_New_Hampshire","New Ipswich, New Hampshire",776996.0
"http://dbpedia.org/resource/Parsippany-Troy_Hills,_New_Jersey","Parsippany-Troy Hills, New Jersey",4742000.0
"http://dbpedia.org/resource/Chesapeake_Beach,_Maryland","Chesapeake Beach, Maryland",207199.0
"http://dbpedia.org/resource/Hardyston_Township,_New_Jersey","Hardyston Township, New Jersey",1724930.0
"http://dbpedia.org/resource/Caribou_Township,_Kittson_County,_Minnesota","Caribou Township, Kittson County, Minnesota",0.0
"http://dbpedia.org/resource/Austerlitz,_New_York","Austerlitz, New York",200000.0
"http://dbpedia.org/resource/Pelahatchie,_Mississippi","Pelahatchie, Mississippi",0.0
"http://dbpedia.org/resource/Jefferson,_Maine","Jefferson, Maine",15565800.0
"http://dbpedia.org/resource/Sciota_Township,_McDonough_County,_Illinois","Sciota Township, McDonough County, Illinois",0.0
"http://dbpedia.org/resource/Bedminster,_New_Jersey","Bedminster, New Jersey",573000.0
"http://dbpedia.org/resource/Mallory_Township,_Clayton_County,_Iowa","Mallory Township, Clayton County, Iowa",10000.0
"http://dbpedia.org/resource/Rabbit_Lake_Township,_Crow_Wing_County,_Minnesota","Rabbit Lake Township, Crow Wing County, Minnesota",5500000.0
"http://dbpedia.org/resource/Crane_Creek_Township,_Barry_County,_Missouri","Crane Creek Township, Barry County, Missouri",0.0
"http://dbpedia.org/resource/Cheswold,_Delaware","Cheswold, Delaware",0.0
"http://dbpedia.org/resource/Andrews,_Indiana","Andrews, Indiana",25899.9
"http://dbpedia.org/resource/St._Charles_Township,_Cuming_County,_Nebraska","St. Charles Township, Cuming County, Nebraska",1761190.0
"http://dbpedia.org/resource/Independence,_New_York","Independence, New York",0.0
"http://dbpedia.org/resource/Orchard_Hill,_Georgia","Orchard Hill, Georgia",0.0
"http://dbpedia.org/resource/Lyon_Township,_Roscommon_County,_Michigan","Lyon Township, Roscommon County, Michigan",16800000.0
"http://dbpedia.org/resource/Portage_Township,_St._Louis_County,_Minnesota","Portage Township, St. Louis County, Minnesota",15021900.0
"http://dbpedia.org/resource/Eagle_Lake,_Maine","Eagle Lake, Maine",5490770.0
"http://dbpedia.org/resource/Barton,_New_York","Barton, New York",1036000.0
"http://dbpedia.org/resource/Gainesville,_Alabama","Gainesville, Alabama",0.0
"http://dbpedia.org/resource/Lakefield_Township,_Luce_County,_Michigan","Lakefield Township, Luce County, Michigan",22500000.0
"http://dbpedia.org/resource/Jackson,_New_Hampshire","Jackson, New Hampshire",100000.0
"http://dbpedia.org/resource/Hancock_Township,_Carver_County,_Minnesota","Hancock Township, Carver County, Minnesota",400000.0
"http://dbpedia.org/resource/Glenwood_Township,_Pope_County,_Minnesota","Glenwood Township, Pope County, Minnesota",3800000.0
"http://dbpedia.org/resource/Hawley,_Massachusetts","Hawley, Massachusetts",100000.0
"http://dbpedia.org/resource/Marshfield,_Maine","Marshfield, Maine",1370000.0
"http://dbpedia.org/resource/Carthage,_Arkansas","Carthage, Arkansas",0.0
"http://dbpedia.org/resource/Clinton_Township,_New_Jersey","Clinton Township, New Jersey",10222700.0
"http://dbpedia.org/resource/Cherokee_Township,_Cherokee_County,_Kansas","Cherokee Township, Cherokee County, Kansas",50000.0
"http://dbpedia.org/resource/Norway,_New_York","Norway, New York",776996.0
"http://dbpedia.org/resource/Pennsauken_Township,_New_Jersey","Pennsauken Township, New Jersey",4265710.0
"http://dbpedia.org/resource/Ossian,_New_York","Ossian, New York",0.0
"http://dbpedia.org/resource/Resaca,_Georgia","Resaca, Georgia",258999.0
"http://dbpedia.org/resource/Partridge_Township,_Pine_County,_Minnesota","Partridge Township, Pine County, Minnesota",0.0
"http://dbpedia.org/resource/Credit_River_Township,_Scott_County,_Minnesota","Credit River Township, Scott County, Minnesota",1110000.0
"http://dbpedia.org/resource/Brownville,_Maine","Brownville, Maine",1530000.0
"http://dbpedia.org/resource/Beddington,_Maine","Beddington, Maine",8469260.0
"http://dbpedia.org/resource/Elizabeth_Township,_Otter_Tail_County,_Minnesota","Elizabeth Township, Otter Tail County, Minnesota",9800000.0
"http://dbpedia.org/resource/Florida,_Massachusetts","Florida, Massachusetts",600000.0
"http://dbpedia.org/resource/Iroquois_Township,_Newton_County,_Indiana","Iroquois Township, Newton County, Indiana",233099.0
"http://dbpedia.org/resource/Nelson_Township,_Michigan","Nelson Township, Michigan",517998.0
"http://dbpedia.org/resource/Palmyra,_Maine","Palmyra, Maine",3315180.0
"http://dbpedia.org/resource/Hill_Township,_Michigan","Hill Township, Michigan",8800000.0
"http://dbpedia.org/resource/Mount_Vernon,_Alabama","Mount Vernon, Alabama",0.0
"http://dbpedia.org/resource/Masardis,_Maine","Masardis, Maine",3082090.0
"http://dbpedia.org/resource/Minneiska_Township,_Wabasha_County,_Minnesota","Minneiska Township, Wabasha County, Minnesota",18700000.0
"http://dbpedia.org/resource/Twin_Lakes_Township,_Calhoun_County,_Iowa","Twin Lakes Township, Calhoun County, Iowa",1940000.0
"http://dbpedia.org/resource/Francis_Township,_Holt_County,_Nebraska","Francis Township, Holt County, Nebraska",570000.0
"http://dbpedia.org/resource/Pantego,_North_Carolina","Pantego, North Carolina",0.0
"http://dbpedia.org/resource/Enterprise,_Nevada","Enterprise, Nevada",0.0
"http://dbpedia.org/resource/Gail_Lake_Township,_Crow_Wing_County,_Minnesota","Gail Lake Township, Crow Wing County, Minnesota",3600000.0
"http://dbpedia.org/resource/Neptune_Township,_New_Jersey","Neptune Township, New Jersey",1269090.0
"http://dbpedia.org/resource/Lysander,_New_York","Lysander, New York",6992970.0
"http://dbpedia.org/resource/Pittsboro,_North_Carolina","Pittsboro, North Carolina",100000.0
"http://dbpedia.org/resource/Holland_Charter_Township,_Michigan","Holland Charter Township, Michigan",258999.0
"http://dbpedia.org/resource/Bull_Moose_Township,_Cass_County,_Minnesota","Bull Moose Township, Cass County, Minnesota",4402980.0
"http://dbpedia.org/resource/Ashby,_Massachusetts","Ashby, Massachusetts",1000000.0
"http://dbpedia.org/resource/Atwood,_Oklahoma","Atwood, Oklahoma",0.0
"http://dbpedia.org/resource/Bennington_Township,_Black_Hawk_County,_Iowa","Bennington Township, Black Hawk County, Iowa",0.0
"http://dbpedia.org/resource/Buena_Vista_Township,_New_Jersey","Buena Vista Township, New Jersey",1229000.0
"http://dbpedia.org/resource/Gettysburg_Township,_Graham_County,_Kansas","Gettysburg Township, Graham County, Kansas",103600.0
"http://dbpedia.org/resource/Aitkin_Township,_Aitkin_County,_Minnesota","Aitkin Township, Aitkin County, Minnesota",5700000.0
"http://dbpedia.org/resource/Comstock_Township,_Marshall_County,_Minnesota","Comstock Township, Marshall County, Minnesota",0.0
"http://dbpedia.org/resource/Logan_Township,_Ogemaw_County,_Michigan","Logan Township, Ogemaw County, Michigan",1900000.0
"http://dbpedia.org/resource/Garfield_Township,_Grand_Traverse_County,_Michigan","Garfield Township, Grand Traverse County, Michigan",2500000.0
"http://dbpedia.org/resource/Jefferson_Township,_Dubois_County,_Indiana","Jefferson Township, Dubois County, Indiana",388498.0
"http://dbpedia.org/resource/Maxwell_Township,_Lac_qui_Parle_County,_Minnesota","Maxwell Township, Lac qui Parle County, Minnesota",200000.0
"http://dbpedia.org/resource/Goldston,_North_Carolina","Goldston, North Carolina",10000.0
"http://dbpedia.org/resource/Leeds_Township,_Murray_County,_Minnesota","Leeds Township, Murray County, Minnesota",776996.0
"http://dbpedia.org/resource/Haugen_Township,_Aitkin_County,_Minnesota","Haugen Township, Aitkin County, Minnesota",1600000.0
"http://dbpedia.org/resource/Jackson_Township,_Fountain_County,_Indiana","Jackson Township, Fountain County, Indiana",233099.0
"http://dbpedia.org/resource/Lumberton_Township,_New_Jersey","Lumberton Township, New Jersey",341878.0
"http://dbpedia.org/resource/Mickinock_Township,_Roseau_County,_Minnesota","Mickinock Township, Roseau County, Minnesota",0.0
"http://dbpedia.org/resource/Lyon_Township,_Decatur_County,_Kansas","Lyon Township, Decatur County, Kansas",0.0
"http://dbpedia.org/resource/Stokes_Township,_Madison_County,_Ohio","Stokes Township, Madison County, Ohio",0.0
"http://dbpedia.org/resource/Federalsburg,_Maryland","Federalsburg, Maryland",230000.0
"http://dbpedia.org/resource/Elba_Township,_Winona_County,_Minnesota","Elba Township, Winona County, Minnesota",0.0
"http://dbpedia.org/resource/Equality_Township,_Red_Lake_County,_Minnesota","Equality Township, Red Lake County, Minnesota",100000.0
"http://dbpedia.org/resource/Jackson_Township,_Wayne_County,_Indiana","Jackson Township, Wayne County, Indiana",906496.0
"http://dbpedia.org/resource/Brown_Township,_Michigan","Brown Township, Michigan",1300000.0
"http://dbpedia.org/resource/Forest_Township,_Clinton_County,_Indiana","Forest Township, Clinton County, Indiana",25899.9
"http://dbpedia.org/resource/Cadiz,_Indiana","Cadiz, Indiana",0.0
"http://dbpedia.org/resource/Marmaton_Township,_Bourbon_County,_Kansas","Marmaton Township, Bourbon County, Kansas",200000.0
"http://dbpedia.org/resource/Franklin_Township,_Hunterdon_County,_New_Jersey","Franklin Township, Hunterdon County, New Jersey",505000.0
"http://dbpedia.org/resource/Benton,_Maine","Benton, Maine",1683490.0
"http://dbpedia.org/resource/Kellyville,_Oklahoma","Kellyville, Oklahoma",0.0
"http://dbpedia.org/resource/Cascade_Township,_Olmsted_County,_Minnesota","Cascade Township, Olmsted County, Minnesota",100000.0
"http://dbpedia.org/resource/Moose_Park_Township,_Itasca_County,_Minnesota","Moose Park Township, Itasca County, Minnesota",0.0
"http://dbpedia.org/resource/Port_Hope_Township,_Beltrami_County,_Minnesota","Port Hope Township, Beltrami County, Minnesota",10600000.0
"http://dbpedia.org/resource/Pavilion_Township,_Michigan","Pavilion Township, Michigan",3500000.0
"http://dbpedia.org/resource/Irving_Township,_Kandiyohi_County,_Minnesota","Irving Township, Kandiyohi County, Minnesota",8600000.0
"http://dbpedia.org/resource/East_Machias,_Maine","East Machias, Maine",13490000.0
"http://dbpedia.org/resource/Aetna_Township,_Barber_County,_Kansas","Aetna Township, Barber County, Kansas",420000.0
"http://dbpedia.org/resource/Almond_Township,_Big_Stone_County,_Minnesota","Almond Township, Big Stone County, Minnesota",4200000.0
"http://dbpedia.org/resource/King_Township,_Polk_County,_Minnesota","King Township, Polk County, Minnesota",900000.0
"http://dbpedia.org/resource/Malta,_New_York","Malta, New York",8805960.0
"http://dbpedia.org/resource/Dracut,_Massachusetts","Dracut, Massachusetts",1294990.0
"http://dbpedia.org/resource/Halifax,_North_Carolina","Halifax, North Carolina",0.0
"http://dbpedia.org/resource/Chapman_Township,_Merrick_County,_Nebraska","Chapman Township, Merrick County, Nebraska",1476290.0
"http://dbpedia.org/resource/Canosia_Township,_St._Louis_County,_Minnesota","Canosia Township, St. Louis County, Minnesota",14503900.0
"http://dbpedia.org/resource/Breitung_Township,_Michigan","Breitung Township, Michigan",8300000.0
"http://dbpedia.org/resource/Felch_Township,_Michigan","Felch Township, Michigan",1800000.0
"http://dbpedia.org/resource/Middleton,_Massachusetts","Middleton, Massachusetts",1294990.0
"http://dbpedia.org/resource/Arthur_Township,_Traverse_County,_Minnesota","Arthur Township, Traverse County, Minnesota",776996.0
"http://dbpedia.org/resource/Frenchtown_Charter_Township,_Michigan","Frenchtown Charter Township, Michigan",3000000.0
"http://dbpedia.org/resource/Blue_Grass_Township,_Scott_County,_Iowa","Blue Grass Township, Scott County, Iowa",725197.0
"http://dbpedia.org/resource/Liberty_Township,_Itasca_County,_Minnesota","Liberty Township, Itasca County, Minnesota",4400000.0
"http://dbpedia.org/resource/Bear_Lake_Township,_Manistee_County,_Michigan","Bear Lake Township, Manistee County, Michigan",3500000.0
"http://dbpedia.org/resource/Leonardsville_Township,_Traverse_County,_Minnesota","Leonardsville Township, Traverse County, Minnesota",0.0
"http://dbpedia.org/resource/Blind_Lake_Township,_Cass_County,_Minnesota","Blind Lake Township, Cass County, Minnesota",3500000.0
"http://dbpedia.org/resource/Red_Eye_Township,_Wadena_County,_Minnesota","Red Eye Township, Wadena County, Minnesota",200000.0
"http://dbpedia.org/resource/Horton_Township,_Michigan","Horton Township, Michigan",700000.0
"http://dbpedia.org/resource/Keene_Township,_Michigan","Keene Township, Michigan",776996.0
"http://dbpedia.org/resource/Dryden_Township,_Sibley_County,_Minnesota","Dryden Township, Sibley County, Minnesota",4402980.0
"http://dbpedia.org/resource/Coffeeville,_Alabama","Coffeeville, Alabama",0.0
"http://dbpedia.org/resource/Delaware,_New_York","Delaware, New York",1500000.0
"http://dbpedia.org/resource/Edgewater_Park,_New_Jersey","Edgewater Park, New Jersey",377000.0
"http://dbpedia.org/resource/Morehead_City,_North_Carolina","Morehead City, North Carolina",4300000.0
"http://dbpedia.org/resource/Deerwood_Township,_Kittson_County,_Minnesota","Deerwood Township, Kittson County, Minnesota",0.0
"http://dbpedia.org/resource/Mallory_Township,_Clayton_County,_Iowa","Mallory Township, Clayton County, Iowa",0.0
"http://dbpedia.org/resource/Pleasant_Township,_Madison_County,_Ohio","Pleasant Township, Madison County, Ohio",0.0
"http://dbpedia.org/resource/Paoli,_Indiana","Paoli, Indiana",25899.9
"http://dbpedia.org/resource/Bridgewater_Township,_New_Jersey","Bridgewater Township, New Jersey",1225060.0
"http://dbpedia.org/resource/Hector_Township,_Renville_County,_Minnesota","Hector Township, Renville County, Minnesota",0.0
"http://dbpedia.org/resource/Broken_Bow_Township,_Custer_County,_Nebraska","Broken Bow Township, Custer County, Nebraska",129499.0
"http://dbpedia.org/resource/Pollard,_Alabama","Pollard, Alabama",0.0
"http://dbpedia.org/resource/Canton_Township,_Benton_County,_Iowa","Canton Township, Benton County, Iowa",284899.0
"http://dbpedia.org/resource/Clinton,_Connecticut","Clinton, Connecticut",7251970.0
"http://dbpedia.org/resource/Andover_Township,_New_Jersey","Andover Township, New Jersey",1894000.0
"http://dbpedia.org/resource/Medaryville,_Indiana","Medaryville, Indiana",0.0
"http://dbpedia.org/resource/Paris,_Maine","Paris, Maine",520000.0
"http://dbpedia.org/resource/Markleville,_Indiana","Markleville, Indiana",0.0
"http://dbpedia.org/resource/Goodwell_Township,_Michigan","Goodwell Township, Michigan",200000.0
"http://dbpedia.org/resource/Stockton_Township,_Greene_County,_Indiana","Stockton Township, Greene County, Indiana",1605790.0
"http://dbpedia.org/resource/Elmer_Township,_Oscoda_County,_Michigan","Elmer Township, Oscoda County, Michigan",1553990.0
"http://dbpedia.org/resource/Menominee_Township,_Michigan","Menominee Township, Michigan",2071990.0
"http://dbpedia.org/resource/Old_Saybrook,_Connecticut","Old Saybrook, Connecticut",17093900.0
"http://dbpedia.org/resource/Day_Township,_Michigan","Day Township, Michigan",258999.0
"http://dbpedia.org/resource/Rock_Township,_Cherokee_County,_Iowa","Rock Township, Cherokee County, Iowa",20000.0
"http://dbpedia.org/resource/Garfield_Township,_Kalkaska_County,_Michigan","Garfield Township, Kalkaska County, Michigan",100000.0
"http://dbpedia.org/resource/Moraga,_California","Moraga, California",23309.9
"http://dbpedia.org/resource/Dexter,_New_Mexico","Dexter, New Mexico",200000.0
"http://dbpedia.org/resource/New_Sweden,_Maine","New Sweden, Maine",80000.0
"http://dbpedia.org/resource/Norvell_Township,_Michigan","Norvell Township, Michigan",5300000.0
"http://dbpedia.org/resource/Madison,_North_Carolina","Madison, North Carolina",0.0
"http://dbpedia.org/resource/Deerfield,_New_York","Deerfield, New York",300000.0
"http://dbpedia.org/resource/Burdell_Township,_Michigan","Burdell Township, Michigan",500000.0
"http://dbpedia.org/resource/Max_Township,_Itasca_County,_Minnesota","Max Township, Itasca County, Minnesota",14300000.0
"http://dbpedia.org/resource/Lake_Township,_Macomb_County,_Michigan","Lake Township, Macomb County, Michigan",1294990.0
"http://dbpedia.org/resource/Fairmont_Township,_Martin_County,_Minnesota","Fairmont Township, Martin County, Minnesota",3300000.0
"http://dbpedia.org/resource/Ogden_Dunes,_Indiana","Ogden Dunes, Indiana",1864790.0
"http://dbpedia.org/resource/Oberlin_Township,_Decatur_County,_Kansas","Oberlin Township, Decatur County, Kansas",70000.0
"http://dbpedia.org/resource/Butman_Township,_Michigan","Butman Township, Michigan",4100000.0
"http://dbpedia.org/resource/Manchester-by-the-Sea,_Massachusetts","Manchester-by-the-Sea, Massachusetts",23400000.0
"http://dbpedia.org/resource/Browns_Valley_Township,_Big_Stone_County,_Minnesota","Browns Valley Township, Big Stone County, Minnesota",3366980.0
"http://dbpedia.org/resource/Orleans_Township,_Michigan","Orleans Township, Michigan",1900000.0
"http://dbpedia.org/resource/Charlton_Township,_Michigan","Charlton Township, Michigan",4900000.0
"http://dbpedia.org/resource/Hale_Township,_McLeod_County,_Minnesota","Hale Township, McLeod County, Minnesota",3500000.0
"http://dbpedia.org/resource/Lovells_Township,_Michigan","Lovells Township, Michigan",3100000.0
"http://dbpedia.org/resource/Grass_Township,_Spencer_County,_Indiana","Grass Township, Spencer County, Indiana",854696.0
"http://dbpedia.org/resource/Moltke_Township,_Michigan","Moltke Township, Michigan",0.0
"http://dbpedia.org/resource/Hamilton_Township,_Van_Buren_County,_Michigan","Hamilton Township, Van Buren County, Michigan",2900000.0
"http://dbpedia.org/resource/Eldridge,_Alabama","Eldridge, Alabama",0.0
"http://dbpedia.org/resource/Mantua_Township,_New_Jersey","Mantua Township, New Jersey",181299.0
"http://dbpedia.org/resource/Cajah's_Mountain,_North_Carolina","Cajah's Mountain, North Carolina",0.0
"http://dbpedia.org/resource/Sicily_Township,_Gage_County,_Nebraska","Sicily Township, Gage County, Nebraska",543898.0
"http://dbpedia.org/resource/Baugo_Township,_Elkhart_County,_Indiana","Baugo Township, Elkhart County, Indiana",828796.0
"http://dbpedia.org/resource/Pierrepont,_New_York","Pierrepont, New York",800000.0
"http://dbpedia.org/resource/Lumberton_Township,_New_Jersey","Lumberton Township, New Jersey",343000.0
"http://dbpedia.org/resource/Nordland_Township,_Lyon_County,_Minnesota","Nordland Township, Lyon County, Minnesota",0.0
"http://dbpedia.org/resource/Swan's_Island,_Maine","Swan's Island, Maine",177160000.0
"http://dbpedia.org/resource/Alapaha,_Georgia","Alapaha, Georgia",0.0
"http://dbpedia.org/resource/Grove_Township,_Cass_County,_Iowa","Grove Township, Cass County, Iowa",233099.0
"http://dbpedia.org/resource/Enterprise_Township,_Jackson_County,_Minnesota","Enterprise Township, Jackson County, Minnesota",258999.0
"http://dbpedia.org/resource/Lincoln_Township,_Clare_County,_Michigan","Lincoln Township, Clare County, Michigan",2200000.0
"http://dbpedia.org/resource/Orton_Township,_Wadena_County,_Minnesota","Orton Township, Wadena County, Minnesota",1036000.0
"http://dbpedia.org/resource/Murfreesboro,_North_Carolina","Murfreesboro, North Carolina",0.0
"http://dbpedia.org/resource/Fern_Township,_Hubbard_County,_Minnesota","Fern Township, Hubbard County, Minnesota",1812990.0
"http://dbpedia.org/resource/Oak_Ridge,_North_Carolina","Oak Ridge, North Carolina",100000.0
"http://dbpedia.org/resource/Darlington,_Indiana","Darlington, Indiana",0.0
"http://dbpedia.org/resource/Grimes,_Alabama","Grimes, Alabama",0.0
"http://dbpedia.org/resource/Prairie_Township,_Warren_County,_Indiana","Prairie Township, Warren County, Indiana",0.0
"http://dbpedia.org/resource/Pentwater_Township,_Michigan","Pentwater Township, Michigan",1812990.0
"http://dbpedia.org/resource/Blue_River,_Colorado","Blue River, Colorado",258999.0
"http://dbpedia.org/resource/Pierceton,_Indiana","Pierceton, Indiana",0.0
"http://dbpedia.org/resource/Mont_Vernon,_New_Hampshire","Mont Vernon, New Hampshire",258999.0
"http://dbpedia.org/resource/Argentine_Township,_Michigan","Argentine Township, Michigan",3100000.0
"http://dbpedia.org/resource/Felton,_Delaware","Felton, Delaware",0.0
"http://dbpedia.org/resource/Galena_Township,_LaPorte_County,_Indiana","Galena Township, LaPorte County, Indiana",725197.0
"http://dbpedia.org/resource/Pompey,_New_York","Pompey, New York",200000.0
"http://dbpedia.org/resource/East_Bend,_North_Carolina","East Bend, North Carolina",0.0
"http://dbpedia.org/resource/Nickerson_Township,_Pine_County,_Minnesota","Nickerson Township, Pine County, Minnesota",1553990.0
"http://dbpedia.org/resource/Newburgh,_Indiana","Newburgh, Indiana",0.0
"http://dbpedia.org/resource/Newkirk_Township,_Michigan","Newkirk Township, Michigan",200000.0
"http://dbpedia.org/resource/Forester_Township,_Michigan","Forester Township, Michigan",100000.0
"http://dbpedia.org/resource/Armstrong_Grove_Township,_Emmet_County,_Iowa","Armstrong Grove Township, Emmet County, Iowa",0.0
"http://dbpedia.org/resource/Perryville,_Maryland","Perryville, Maryland",30000.0
"http://dbpedia.org/resource/Manalapan,_Florida","Manalapan, Florida",5179980.0
"http://dbpedia.org/resource/Oakham,_Massachusetts","Oakham, Massachusetts",1100000.0
"http://dbpedia.org/resource/Decatur,_New_York","Decatur, New York",500000.0
"http://dbpedia.org/resource/Byars,_Oklahoma","Byars, Oklahoma",258999.0
"http://dbpedia.org/resource/Lakeside_Township,_Cottonwood_County,_Minnesota","Lakeside Township, Cottonwood County, Minnesota",4661980.0
"http://dbpedia.org/resource/Perry_Township,_Noble_County,_Indiana","Perry Township, Noble County, Indiana",207199.0
"http://dbpedia.org/resource/Osceola_Township,_Renville_County,_Minnesota","Osceola Township, Renville County, Minnesota",0.0
"http://dbpedia.org/resource/Lawndale,_North_Carolina","Lawndale, North Carolina",100000.0
"http://dbpedia.org/resource/Ness_Township,_St._Louis_County,_Minnesota","Ness Township, St. Louis County, Minnesota",900000.0
"http://dbpedia.org/resource/Iowa_Township,_Allamakee_County,_Iowa","Iowa Township, Allamakee County, Iowa",7250000.0
"http://dbpedia.org/resource/Belgrade_Township,_Nicollet_County,_Minnesota","Belgrade Township, Nicollet County, Minnesota",517998.0
"http://dbpedia.org/resource/Barrington,_New_York","Barrington, New York",3625980.0
"http://dbpedia.org/resource/Hopewell,_New_York","Hopewell, New York",0.0
"http://dbpedia.org/resource/Homestead_Township,_Otter_Tail_County,_Minnesota","Homestead Township, Otter Tail County, Minnesota",517998.0
"http://dbpedia.org/resource/Kent,_New_York","Kent, New York",6600000.0
"http://dbpedia.org/resource/Knife_Lake_Township,_Kanabec_County,_Minnesota","Knife Lake Township, Kanabec County, Minnesota",3000000.0
"http://dbpedia.org/resource/Crawford,_Maine","Crawford, Maine",8443360.0
"http://dbpedia.org/resource/Avilla,_Indiana","Avilla, Indiana",0.0
"http://dbpedia.org/resource/Cochecton,_New_York","Cochecton, New York",1900000.0
"http://dbpedia.org/resource/Mason_Township,_Cass_County,_Michigan","Mason Township, Cass County, Michigan",800000.0
"http://dbpedia.org/resource/Washington_Township,_Anderson_County,_Kansas","Washington Township, Anderson County, Kansas",1800000.0
"http://dbpedia.org/resource/Lafayette_Township,_Nicollet_County,_Minnesota","Lafayette Township, Nicollet County, Minnesota",258999.0
"http://dbpedia.org/resource/Du_Pont,_Georgia","Du Pont, Georgia",0.0
"http://dbpedia.org/resource/Puckett,_Mississippi","Puckett, Mississippi",0.0
"http://dbpedia.org/resource/Knightstown,_Indiana","Knightstown, Indiana",30000.0
"http://dbpedia.org/resource/Arrowsic,_Maine","Arrowsic, Maine",7873560.0
"http://dbpedia.org/resource/Fairbank_Township,_Buchanan_County,_Iowa","Fairbank Township, Buchanan County, Iowa",51799.8
"http://dbpedia.org/resource/Ossineke_Township,_Michigan","Ossineke Township, Michigan",3900000.0
"http://dbpedia.org/resource/Bangor_Township,_Pope_County,_Minnesota","Bangor Township, Pope County, Minnesota",258999.0
"http://dbpedia.org/resource/Washington_Township,_Boone_County,_Indiana","Washington Township, Boone County, Indiana",362598.0
"http://dbpedia.org/resource/Coon_Creek_Township,_Lyon_County,_Minnesota","Coon Creek Township, Lyon County, Minnesota",1400000.0
"http://dbpedia.org/resource/Pawnee_Township,_Bourbon_County,_Kansas","Pawnee Township, Bourbon County, Kansas",390000.0
"http://dbpedia.org/resource/Fredon_Township,_New_Jersey","Fredon Township, New Jersey",722607.0
"http://dbpedia.org/resource/Curry_Township,_Sullivan_County,_Indiana","Curry Township, Sullivan County, Indiana",440298.0
"http://dbpedia.org/resource/Cerro_Gordo_Township,_Lac_qui_Parle_County,_Minnesota","Cerro Gordo Township, Lac qui Parle County, Minnesota",200000.0
"http://dbpedia.org/resource/Allen_Township,_Hancock_County,_Ohio","Allen Township, Hancock County, Ohio",300000.0
"http://dbpedia.org/resource/Oscoda_Township,_Michigan","Oscoda Township, Michigan",24300000.0
"http://dbpedia.org/resource/Dexter,_Georgia","Dexter, Georgia",0.0
"http://dbpedia.org/resource/Grainola,_Oklahoma","Grainola, Oklahoma",0.0
"http://dbpedia.org/resource/Otrey_Township,_Big_Stone_County,_Minnesota","Otrey Township, Big Stone County, Minnesota",8028960.0
"http://dbpedia.org/resource/Lund_Township,_Douglas_County,_Minnesota","Lund Township, Douglas County, Minnesota",20200000.0
"http://dbpedia.org/resource/Davis_Township,_Kittson_County,_Minnesota","Davis Township, Kittson County, Minnesota",0.0
"http://dbpedia.org/resource/East_Bloomfield,_New_York","East Bloomfield, New York",400000.0
"http://dbpedia.org/resource/Minisink,_New_York","Minisink, New York",200000.0
"http://dbpedia.org/resource/Star_Township,_Coffey_County,_Kansas","Star Township, Coffey County, Kansas",1050000.0
"http://dbpedia.org/resource/Belmont,_Mississippi","Belmont, Mississippi",0.0
"http://dbpedia.org/resource/Jackson,_New_Hampshire","Jackson, New Hampshire",0.0
"http://dbpedia.org/resource/Brunswick_Township,_Kanabec_County,_Minnesota","Brunswick Township, Kanabec County, Minnesota",1900000.0
"http://dbpedia.org/resource/Oak_Valley_Township,_Otter_Tail_County,_Minnesota","Oak Valley Township, Otter Tail County, Minnesota",0.0
"http://dbpedia.org/resource/Providence,_Alabama","Providence, Alabama",0.0
"http://dbpedia.org/resource/Jackson_Township,_Randolph_County,_Indiana","Jackson Township, Randolph County, Indiana",155399.0
"http://dbpedia.org/resource/Bridgehampton_Township,_Michigan","Bridgehampton Township, Michigan",100000.0
"http://dbpedia.org/resource/Cape_Carteret,_North_Carolina","Cape Carteret, North Carolina",500000.0
"http://dbpedia.org/resource/Carlisle,_New_York","Carlisle, New York",258999.0
"http://dbpedia.org/resource/Martin,_Georgia","Martin, Georgia",60000.0
"http://dbpedia.org/resource/French_Township,_Adams_County,_Indiana","French Township, Adams County, Indiana",207199.0
"http://dbpedia.org/resource/Lapeer_Township,_Michigan","Lapeer Township, Michigan",800000.0
"http://dbpedia.org/resource/Gorton_Township,_Grant_County,_Minnesota","Gorton Township, Grant County, Minnesota",0.0
"http://dbpedia.org/resource/Arbyrd,_Missouri","Arbyrd, Missouri",0.0
"http://dbpedia.org/resource/North_Shade_Township,_Michigan","North Shade Township, Michigan",0.0
"http://dbpedia.org/resource/Flat_Rock_Township,_Bartholomew_County,_Indiana","Flat Rock Township, Bartholomew County, Indiana",0.0
"http://dbpedia.org/resource/Spring_Creek_Township,_Cowley_County,_Kansas","Spring Creek Township, Cowley County, Kansas",310799.0
"http://dbpedia.org/resource/Eel_River_Township,_Allen_County,_Indiana","Eel River Township, Allen County, Indiana",140000.0
"http://dbpedia.org/resource/Pleasant_Township,_Cass_County,_Iowa","Pleasant Township, Cass County, Iowa",0.0
"http://dbpedia.org/resource/Au_Gres_Township,_Michigan","Au Gres Township, Michigan",14000000.0
"http://dbpedia.org/resource/Bridgehampton_Township,_Michigan","Bridgehampton Township, Michigan",0.0
"http://dbpedia.org/resource/Clifton,_Maine","Clifton, Maine",3550000.0
"http://dbpedia.org/resource/Deer_Creek,_Oklahoma","Deer Creek, Oklahoma",0.0
"http://dbpedia.org/resource/Brookwood,_Alabama","Brookwood, Alabama",100000.0
"http://dbpedia.org/resource/Adams_Township,_LaSalle_County,_Illinois","Adams Township, LaSalle County, Illinois",0.0
"http://dbpedia.org/resource/Campbell_Township,_Michigan","Campbell Township, Michigan",400000.0
"http://dbpedia.org/resource/Pine_Lake_Township,_Clearwater_County,_Minnesota","Pine Lake Township, Clearwater County, Minnesota",6474970.0
"http://dbpedia.org/resource/Mission_Creek_Township,_Pine_County,_Minnesota","Mission Creek Township, Pine County, Minnesota",258999.0
"http://dbpedia.org/resource/Moral_Township,_Shelby_County,_Indiana","Moral Township, Shelby County, Indiana",362598.0
"http://dbpedia.org/resource/Plantersville,_Mississippi","Plantersville, Mississippi",0.0
"http://dbpedia.org/resource/Holt_Township,_Fillmore_County,_Minnesota","Holt Township, Fillmore County, Minnesota",517998.0
"http://dbpedia.org/resource/Hudson,_Indiana","Hudson, Indiana",0.0
"http://dbpedia.org/resource/Isle_au_Haut,_Maine","Isle au Haut, Maine",260760000.0
"http://dbpedia.org/resource/Cornell_Township,_Michigan","Cornell Township, Michigan",1036000.0
"http://dbpedia.org/resource/Deep_River,_Connecticut","Deep River, Connecticut",1600000.0
"http://dbpedia.org/resource/Helen_Township,_McLeod_County,_Minnesota","Helen Township, McLeod County, Minnesota",0.0
"http://dbpedia.org/resource/Arcadia_Township,_Carroll_County,_Iowa","Arcadia Township, Carroll County, Iowa",20000.0
"http://dbpedia.org/resource/Merry_Township,_Thurston_County,_Nebraska","Merry Township, Thurston County, Nebraska",0.0
"http://dbpedia.org/resource/Capps_Creek_Township,_Barry_County,_Missouri","Capps Creek Township, Barry County, Missouri",0.0
"http://dbpedia.org/resource/Pere_Marquette_Charter_Township,_Michigan","Pere Marquette Charter Township, Michigan",4143980.0
"http://dbpedia.org/resource/Black_Brook,_New_York","Black Brook, New York",111300000.0
"http://dbpedia.org/resource/Morgan_City,_Mississippi","Morgan City, Mississippi",0.0
"http://dbpedia.org/resource/Loch_Lynn_Heights,_Maryland","Loch Lynn Heights, Maryland",0.0
"http://dbpedia.org/resource/Effington_Township,_Otter_Tail_County,_Minnesota","Effington Township, Otter Tail County, Minnesota",5300000.0
"http://dbpedia.org/resource/Dell,_Arkansas","Dell, Arkansas",0.0
"http://dbpedia.org/resource/Charleston,_New_York","Charleston, New York",517998.0
"http://dbpedia.org/resource/Wayne_Township,_Hamilton_County,_Indiana","Wayne Township, Hamilton County, Indiana",103600.0
"http://dbpedia.org/resource/Johnstown_Township,_Michigan","Johnstown Township, Michigan",4000000.0
"http://dbpedia.org/resource/Red_Rock,_Oklahoma","Red Rock, Oklahoma",0.0
"http://dbpedia.org/resource/Boyne_Valley_Township,_Michigan","Boyne Valley Township, Michigan",1800000.0
"http://dbpedia.org/resource/Millington_Township,_Michigan","Millington Township, Michigan",600000.0
"http://dbpedia.org/resource/Lake_Santeetlah,_North_Carolina","Lake Santeetlah, North Carolina",0.0
"http://dbpedia.org/resource/Lyman,_New_Hampshire","Lyman, New Hampshire",776996.0
"http://dbpedia.org/resource/Addison_Township,_Cass_County,_North_Dakota","Addison Township, Cass County, North Dakota",0.0
"http://dbpedia.org/resource/Kenneth_City,_Florida","Kenneth City, Florida",0.0
"http://dbpedia.org/resource/Edison_Township,_Swift_County,_Minnesota","Edison Township, Swift County, Minnesota",100000.0
"http://dbpedia.org/resource/Barnegat_Township,_New_Jersey","Barnegat Township, New Jersey",16591000.0
"http://dbpedia.org/resource/Shawnee_Township,_Cape_Girardeau_County,_Missouri","Shawnee Township, Cape Girardeau County, Missouri",5160000.0
"http://dbpedia.org/resource/Stapleton_Township,_Chickasaw_County,_Iowa","Stapleton Township, Chickasaw County, Iowa",25899.9
"http://dbpedia.org/resource/Murfreesboro,_North_Carolina","Murfreesboro, North Carolina",100000.0
"http://dbpedia.org/resource/Imlay_City,_Michigan","Imlay City, Michigan",0.0
"http://dbpedia.org/resource/Hildebran,_North_Carolina","Hildebran, North Carolina",0.0
"http://dbpedia.org/resource/Homer_Township,_Midland_County,_Michigan","Homer Township, Midland County, Michigan",258999.0
"http://dbpedia.org/resource/Arriba,_Colorado","Arriba, Colorado",0.0
"http://dbpedia.org/resource/Ell_Township,_Hancock_County,_Iowa","Ell Township, Hancock County, Iowa",0.0
"http://dbpedia.org/resource/Marcellus_Township,_Michigan","Marcellus Township, Michigan",4400000.0
"http://dbpedia.org/resource/New_Prairie_Township,_Pope_County,_Minnesota","New Prairie Township, Pope County, Minnesota",1812990.0
"http://dbpedia.org/resource/North_Beach,_Maryland","North Beach, Maryland",25899.9
"http://dbpedia.org/resource/Platte_Township,_Morrison_County,_Minnesota","Platte Township, Morrison County, Minnesota",0.0
"http://dbpedia.org/resource/Chester,_Massachusetts","Chester, Massachusetts",1000000.0
"http://dbpedia.org/resource/Ash_Hill_Township,_Butler_County,_Missouri","Ash Hill Township, Butler County, Missouri",700000.0
"http://dbpedia.org/resource/Moran_Township,_Michigan","Moran Township, Michigan",17900000.0
"http://dbpedia.org/resource/Greenbush,_Maine","Greenbush, Maine",410000.0
"http://dbpedia.org/resource/Elbridge_Township,_Michigan","Elbridge Township, Michigan",200000.0
"http://dbpedia.org/resource/Colfax_Township,_Wexford_County,_Michigan","Colfax Township, Wexford County, Michigan",258999.0
"http://dbpedia.org/resource/Percy_Township,_Kittson_County,_Minnesota","Percy Township, Kittson County, Minnesota",1200000.0
"http://dbpedia.org/resource/Wayne_Township,_Bollinger_County,_Missouri","Wayne Township, Bollinger County, Missouri",181299.0
"http://dbpedia.org/resource/Nokay_Lake_Township,_Crow_Wing_County,_Minnesota","Nokay Lake Township, Crow Wing County, Minnesota",7200000.0
"http://dbpedia.org/resource/Battle_Ground,_Indiana","Battle Ground, Indiana",0.0
"http://dbpedia.org/resource/Hector,_Arkansas","Hector, Arkansas",0.0
"http://dbpedia.org/resource/Kelford,_North_Carolina","Kelford, North Carolina",0.0
"http://dbpedia.org/resource/Mannington_Township,_New_Jersey","Mannington Township, New Jersey",10414300.0
"http://dbpedia.org/resource/Kemp,_Oklahoma","Kemp, Oklahoma",0.0
"http://dbpedia.org/resource/Ignacio,_Colorado","Ignacio, Colorado",0.0
"http://dbpedia.org/resource/Berlin,_New_York","Berlin, New York",700000.0
"http://dbpedia.org/resource/Albion_Township,_Barton_County,_Kansas","Albion Township, Barton County, Kansas",50000.0
"http://dbpedia.org/resource/Creswell,_North_Carolina","Creswell, North Carolina",0.0
"http://dbpedia.org/resource/Corte_Madera,_California","Corte Madera, California",3216770.0
"http://dbpedia.org/resource/Glenburn,_Maine","Glenburn, Maine",5080000.0
"http://dbpedia.org/resource/Lemond_Township,_Steele_County,_Minnesota","Lemond Township, Steele County, Minnesota",100000.0
"http://dbpedia.org/resource/Norway_Lake_Township,_Kandiyohi_County,_Minnesota","Norway Lake Township, Kandiyohi County, Minnesota",7251970.0
"http://dbpedia.org/resource/Erin_Township,_Rice_County,_Minnesota","Erin Township, Rice County, Minnesota",3625980.0
"http://dbpedia.org/resource/Castle_Hill,_Maine","Castle Hill, Maine",1191390.0
"http://dbpedia.org/resource/Antwerp_Township,_Michigan","Antwerp Township, Michigan",517998.0
"http://dbpedia.org/resource/Madison,_Connecticut","Madison, Connecticut",1500000.0
"http://dbpedia.org/resource/Indian_Trail,_North_Carolina","Indian Trail, North Carolina",0.0
"http://dbpedia.org/resource/Laketon_Township,_Michigan","Laketon Township, Michigan",3625980.0
"http://dbpedia.org/resource/Leland_Township,_Michigan","Leland Township, Michigan",261330000.0
"http://dbpedia.org/resource/Coldwater_Township,_Isabella_County,_Michigan","Coldwater Township, Isabella County, Michigan",200000.0
"http://dbpedia.org/resource/Fern_Township,_Hubbard_County,_Minnesota","Fern Township, Hubbard County, Minnesota",1800000.0
"http://dbpedia.org/resource/Hiawassee,_Georgia","Hiawassee, Georgia",1200000.0
"http://dbpedia.org/resource/Morse_Township,_Itasca_County,_Minnesota","Morse Township, Itasca County, Minnesota",2330990.0
"http://dbpedia.org/resource/Eckford_Township,_Michigan","Eckford Township, Michigan",700000.0
"http://dbpedia.org/resource/Martha,_Oklahoma","Martha, Oklahoma",0.0
"http://dbpedia.org/resource/Kasson_Township,_Michigan","Kasson Township, Michigan",776996.0
"http://dbpedia.org/resource/Indianfields_Township,_Michigan","Indianfields Township, Michigan",1300000.0
"http://dbpedia.org/resource/Gould,_Oklahoma","Gould, Oklahoma",0.0
"http://dbpedia.org/resource/Metz_Township,_Michigan","Metz Township, Michigan",0.0
"http://dbpedia.org/resource/Patoka_Township,_Gibson_County,_Indiana","Patoka Township, Gibson County, Indiana",1113690.0
"http://dbpedia.org/resource/Frelinghuysen_Township,_New_Jersey","Frelinghuysen Township, New Jersey",629000.0
"http://dbpedia.org/resource/Holly_Ridge,_North_Carolina","Holly Ridge, North Carolina",0.0
"http://dbpedia.org/resource/Pokegama_Township,_Pine_County,_Minnesota","Pokegama Township, Pine County, Minnesota",8805960.0
"http://dbpedia.org/resource/Coosada,_Alabama","Coosada, Alabama",517998.0
"http://dbpedia.org/resource/Lyon_Township,_Roscommon_County,_Michigan","Lyon Township, Roscommon County, Michigan",16834900.0
"http://dbpedia.org/resource/Arapahoe,_North_Carolina","Arapahoe, North Carolina",0.0
"http://dbpedia.org/resource/Masonville_Township,_Michigan","Masonville Township, Michigan",6992970.0
"http://dbpedia.org/resource/Napoleon,_Indiana","Napoleon, Indiana",0.0
"http://dbpedia.org/resource/Cass_Township,_Greene_County,_Indiana","Cass Township, Greene County, Indiana",1165490.0
"http://dbpedia.org/resource/Nininger_Township,_Dakota_County,_Minnesota","Nininger Township, Dakota County, Minnesota",10000000.0
"http://dbpedia.org/resource/Maine_Prairie_Township,_Stearns_County,_Minnesota","Maine Prairie Township, Stearns County, Minnesota",8600000.0
"http://dbpedia.org/resource/Carrollton_Township,_Michigan","Carrollton Township, Michigan",466198.0
"http://dbpedia.org/resource/Palm_Shores,_Florida","Palm Shores, Florida",0.0
"http://dbpedia.org/resource/Shawnee_Township,_Cherokee_County,_Kansas","Shawnee Township, Cherokee County, Kansas",543898.0
"http://dbpedia.org/resource/Mayfield_Township,_Pennington_County,_Minnesota","Mayfield Township, Pennington County, Minnesota",0.0
"http://dbpedia.org/resource/Liberty_Township,_Clarke_County,_Iowa","Liberty Township, Clarke County, Iowa",103600.0
"http://dbpedia.org/resource/Hawk_Creek_Township,_Renville_County,_Minnesota","Hawk Creek Township, Renville County, Minnesota",200000.0
"http://dbpedia.org/resource/Washington_Township,_Greene_County,_Indiana","Washington Township, Greene County, Indiana",1087800.0
"http://dbpedia.org/resource/Deep_River_Township,_Michigan","Deep River Township, Michigan",600000.0
"http://dbpedia.org/resource/Lake_Johanna_Township,_Pope_County,_Minnesota","Lake Johanna Township, Pope County, Minnesota",6992970.0
"http://dbpedia.org/resource/Scandinavia_Township,_Harlan_County,_Nebraska","Scandinavia Township, Harlan County, Nebraska",0.0
"http://dbpedia.org/resource/Afton_Township,_Ward_County,_North_Dakota","Afton Township, Ward County, North Dakota",400000.0
"http://dbpedia.org/resource/Raymond_Township,_Stearns_County,_Minnesota","Raymond Township, Stearns County, Minnesota",400000.0
"http://dbpedia.org/resource/Hubbard_Township,_Polk_County,_Minnesota","Hubbard Township, Polk County, Minnesota",100000.0
"http://dbpedia.org/resource/Oktaha,_Oklahoma","Oktaha, Oklahoma",0.0
"http://dbpedia.org/resource/Clinton,_Dutchess_County,_New_York","Clinton, Dutchess County, New York",1700000.0
"http://dbpedia.org/resource/Eldorado_Township,_Stevens_County,_Minnesota","Eldorado Township, Stevens County, Minnesota",700000.0
"http://dbpedia.org/resource/Clyde_Township,_Allegan_County,_Michigan","Clyde Township, Allegan County, Michigan",1800000.0
"http://dbpedia.org/resource/Orland,_Indiana","Orland, Indiana",0.0
"http://dbpedia.org/resource/Carp_Lake_Township,_Emmet_County,_Michigan","Carp Lake Township, Emmet County, Michigan",7200000.0
"http://dbpedia.org/resource/Fremont_Township,_Saginaw_County,_Michigan","Fremont Township, Saginaw County, Michigan",0.0
"http://dbpedia.org/resource/Perry_Township,_Lac_qui_Parle_County,_Minnesota","Perry Township, Lac qui Parle County, Minnesota",258999.0
"http://dbpedia.org/resource/Carlisle,_Indiana","Carlisle, Indiana",0.0
"http://dbpedia.org/resource/Posen_Township,_Yellow_Medicine_County,_Minnesota","Posen Township, Yellow Medicine County, Minnesota",2500000.0
"http://dbpedia.org/resource/Alfsborg_Township,_Sibley_County,_Minnesota","Alfsborg Township, Sibley County, Minnesota",200000.0
"http://dbpedia.org/resource/Croton_Township,_Michigan","Croton Township, Michigan",5956970.0
"http://dbpedia.org/resource/McClellan_Township,_Newton_County,_Indiana","McClellan Township, Newton County, Indiana",0.0
"http://dbpedia.org/resource/Brimfield_Township,_Portage_County,_Ohio","Brimfield Township, Portage County, Ohio",2071990.0
"http://dbpedia.org/resource/Colony_Township,_Delaware_County,_Iowa","Colony Township, Delaware County, Iowa",25899.9
"http://dbpedia.org/resource/Nineveh_Township,_Johnson_County,_Indiana","Nineveh Township, Johnson County, Indiana",958296.0
"http://dbpedia.org/resource/Gorman_Township,_Otter_Tail_County,_Minnesota","Gorman Township, Otter Tail County, Minnesota",8400000.0
"http://dbpedia.org/resource/Eckley,_Colorado","Eckley, Colorado",0.0
"http://dbpedia.org/resource/Pelican_Township,_Otter_Tail_County,_Minnesota","Pelican Township, Otter Tail County, Minnesota",4920980.0
"http://dbpedia.org/resource/Brutus,_New_York","Brutus, New York",1000000.0
"http://dbpedia.org/resource/Briny_Breezes,_Florida","Briny Breezes, Florida",100000.0
"http://dbpedia.org/resource/Bremen_Township,_Delaware_County,_Iowa","Bremen Township, Delaware County, Iowa",40000.0
"http://dbpedia.org/resource/Bismarck_Township,_Michigan","Bismarck Township, Michigan",5800000.0
"http://dbpedia.org/resource/Corinna_Township,_Wright_County,_Minnesota","Corinna Township, Wright County, Minnesota",22014900.0
"http://dbpedia.org/resource/Handy_Township,_Michigan","Handy Township, Michigan",300000.0
"http://dbpedia.org/resource/Phillips,_Maine","Phillips, Maine",470000.0
"http://dbpedia.org/resource/Elyria_Township,_Valley_County,_Nebraska","Elyria Township, Valley County, Nebraska",1942490.0
"http://dbpedia.org/resource/Hebron_Township,_Michigan","Hebron Township, Michigan",1900000.0
"http://dbpedia.org/resource/Jerusalem_Township,_Lucas_County,_Ohio","Jerusalem Township, Lucas County, Ohio",609700000.0
"http://dbpedia.org/resource/Hatley,_Mississippi","Hatley, Mississippi",0.0
"http://dbpedia.org/resource/Washington_Township,_Blackford_County,_Indiana","Washington Township, Blackford County, Indiana",25899.9
"http://dbpedia.org/resource/Cohoctah_Township,_Michigan","Cohoctah Township, Michigan",517998.0
"http://dbpedia.org/resource/Lake_City_Township,_Barber_County,_Kansas","Lake City Township, Barber County, Kansas",207199.0
"http://dbpedia.org/resource/Petersham,_Massachusetts","Petersham, Massachusetts",36518800.0
"http://dbpedia.org/resource/Magness,_Arkansas","Magness, Arkansas",0.0
"http://dbpedia.org/resource/Hill,_New_Hampshire","Hill, New Hampshire",517998.0
"http://dbpedia.org/resource/Hastings,_Florida","Hastings, Florida",0.0
